[ 4122.954596] [Project1] 5987 1587975918.490383085 1587975919.243551104
[ 4124.367825] [Project1] 5988 1587975919.950104616 1587975920.656811355
[ 4125.792781] [Project1] 5989 1587975921.366759120 1587975922.081783573
[ 4127.252618] [Project1] 5990 1587975922.814847068 1587975923.541637699
[ 4128.681766] [Project1] 5991 1587975924.268261322 1587975924.970803463
[ 4130.090916] [Project1] 5992 1587975925.670251747 1587975926.379970229
[ 4131.530741] [Project1] 5993 1587975927.076266740 1587975927.819812265
[ 4132.965209] [Project1] 5994 1587975928.547899855 1587975929.254283299
[ 4134.374342] [Project1] 5995 1587975929.966598891 1587975930.663447867
[ 4135.784271] [Project1] 5996 1587975931.376365434 1587975932.073390969
